time, Ndiff
Initial Al26 0.0005
1.7128841459067066 , 2.404681200021437
1.7431871762097366 , 2.404681200021437
1.7734902065127671 , 0.9850046919741693
1.8037932368157972 , 0.9850046919741693
1.8340962671188275 , 0.9850046919741693
1.864399297421858 , 0.9850046919741693
1.894702327724888 , 0.9850046919741693
1.9250053580279185 , 0.9850046919741693
1.955308388330949 , 0.9850046919741693
1.9856114186339788 , 0.9850046919741693
2.0159144489370098 , 0.9850046919741693
2.0462174792400396 , 0.9850046919741693
2.07652050954307 , 0.9850046919741693
2.1068235398461 , 0.9850046919741693
2.1371265701491304 , 0.9850046919741693
2.1674296004521607 , 0.9850046919741693
2.1977326307551914 , 0.9850046919741693
2.2280356610582213 , 0.5108921494102007
2.258338691361252 , 0.5108921494102007
2.2886417216642823 , 0.5108921494102007
2.3189447519673125 , 0.5108921494102007
2.349247782270343 , 0.5108921494102007
2.379550812573373 , 0.5108921494102007
2.4098538428764034 , 0.5108921494102007
2.4401568731794336 , 0.5108921494102007
2.470459903482464 , 0.5108921494102007
2.500762933785494 , 0.5108921494102007
2.5310659640885245 , 0.30385430702860416
2.561368994391555 , 0.30385430702860416
2.5916720246945855 , 0.30385430702860416
2.6219750549976153 , 0.30385430702860416
2.652278085300646 , 0.30385430702860416
2.682581115603676 , 0.30385430702860416
2.7128841459067066 , 0.19763047433901634
2.743187176209737 , 0.19763047433901634
2.7734902065127667 , 0.19763047433901634
2.8037932368157974 , 0.19763047433901634
2.8340962671188277 , 0.13690886380537035
2.864399297421858 , 0.13690886380537035
2.8947023277248882 , 0.13690886380537035
2.9250053580279185 , 0.09939307137270019
2.9553083883309488 , 0.09939307137270019
2.985611418633979 , 0.07481511707305609
3.0159144489370093 , 0.057958026412543696
3.04621747924004 , 0.057958026412543696
3.0765205095430703 , 0.04596260381624655
3.106823539846101 , 0.03054623061585087
3.137126570149131 , 0.01830935200807873
Initial Al26 0.0001
0.48971133245679005 , 2.404681200021437
0.5200143627598204 , 2.404681200021437
0.5503173930628508 , 0.9850046919741693
0.580620423365881 , 0.9850046919741693
0.6109234536689113 , 0.9850046919741693
0.6412264839719416 , 0.9850046919741693
0.671529514274972 , 0.9850046919741693
0.7018325445780023 , 0.9850046919741693
0.7321355748810325 , 0.9850046919741693
0.7624386051840628 , 0.9850046919741693
0.7927416354870933 , 0.9850046919741693
0.8230446657901235 , 0.9850046919741693
0.8533476960931539 , 0.9850046919741693
0.8836507263961839 , 0.9850046919741693
0.9139537566992144 , 0.9850046919741693
0.9442567870022446 , 0.9850046919741693
0.9745598173052751 , 0.9850046919741693
1.0048628476083052 , 0.5108921494102007
1.0351658779113355 , 0.5108921494102007
1.0654689082143658 , 0.5108921494102007
1.0957719385173963 , 0.5108921494102007
1.1260749688204263 , 0.5108921494102007
1.156377999123457 , 0.5108921494102007
1.1866810294264871 , 0.5108921494102007
1.2169840597295174 , 0.5108921494102007
1.2472870900325477 , 0.5108921494102007
1.2775901203355782 , 0.5108921494102007
1.3078931506386082 , 0.30385430702860416
1.3381961809416387 , 0.30385430702860416
1.3684992112446688 , 0.30385430702860416
1.3988022415476993 , 0.30385430702860416
1.4291052718507298 , 0.30385430702860416
1.45940830215376 , 0.30385430702860416
1.4897113324567903 , 0.19763047433901634
1.5200143627598204 , 0.19763047433901634
1.5503173930628509 , 0.19763047433901634
1.580620423365881 , 0.19763047433901634
1.6109234536689114 , 0.13690886380537035
1.6412264839719415 , 0.13690886380537035
1.671529514274972 , 0.13690886380537035
1.7018325445780023 , 0.09939307137270019
1.7321355748810328 , 0.09939307137270019
1.7624386051840628 , 0.07481511707305609
1.792741635487093 , 0.057958026412543696
1.8230446657901236 , 0.057958026412543696
1.853347696093154 , 0.04596260381624655
1.8836507263961846 , 0.03054623061585087
1.9139537566992144 , 0.01830935200807873
Initial Al26 SS
0.0 , 2.404681200021437
0.030303030303030304 , 2.404681200021437
0.06060606060606061 , 0.9850046919741693
0.09090909090909091 , 0.9850046919741693
0.12121212121212122 , 0.9850046919741693
0.15151515151515152 , 0.9850046919741693
0.18181818181818182 , 0.9850046919741693
0.21212121212121213 , 0.9850046919741693
0.24242424242424243 , 0.9850046919741693
0.2727272727272727 , 0.9850046919741693
0.30303030303030304 , 0.9850046919741693
0.33333333333333337 , 0.9850046919741693
0.36363636363636365 , 0.9850046919741693
0.3939393939393939 , 0.9850046919741693
0.42424242424242425 , 0.9850046919741693
0.4545454545454546 , 0.9850046919741693
0.48484848484848486 , 0.9850046919741693
0.5151515151515151 , 0.5108921494102007
0.5454545454545454 , 0.5108921494102007
0.5757575757575758 , 0.5108921494102007
0.6060606060606061 , 0.5108921494102007
0.6363636363636364 , 0.5108921494102007
0.6666666666666667 , 0.5108921494102007
0.696969696969697 , 0.5108921494102007
0.7272727272727273 , 0.5108921494102007
0.7575757575757576 , 0.5108921494102007
0.7878787878787878 , 0.5108921494102007
0.8181818181818182 , 0.30385430702860416
0.8484848484848485 , 0.30385430702860416
0.8787878787878788 , 0.30385430702860416
0.9090909090909092 , 0.30385430702860416
0.9393939393939394 , 0.30385430702860416
0.9696969696969697 , 0.30385430702860416
1.0 , 0.19763047433901634
1.0303030303030303 , 0.19763047433901634
1.0606060606060606 , 0.19763047433901634
1.0909090909090908 , 0.19763047433901634
1.1212121212121213 , 0.13690886380537035
1.1515151515151516 , 0.13690886380537035
1.1818181818181819 , 0.13690886380537035
1.2121212121212122 , 0.09939307137270019
1.2424242424242424 , 0.09939307137270019
1.2727272727272727 , 0.07481511707305609
1.303030303030303 , 0.057958026412543696
1.3333333333333335 , 0.057958026412543696
1.3636363636363638 , 0.04596260381624655
1.393939393939394 , 0.03054623061585087
1.4242424242424243 , 0.01830935200807873

Initial Al26 3e-05
-0.42530799883092124 , 2.404681200021437
-0.39500496852789097 , 2.404681200021437
-0.3647019382248607 , 0.9850046919741693
-0.3343989079218303 , 0.9850046919741693
-0.3040958776188001 , 0.9850046919741693
-0.2737928473157697 , 0.9850046919741693
-0.24348981701273942 , 0.9850046919741693
-0.21318678670970911 , 0.9850046919741693
-0.18288375640667875 , 0.9850046919741693
-0.15258072610364865 , 0.9850046919741693
-0.1222776958006182 , 0.9850046919741693
-0.09197466549758783 , 0.9850046919741693
-0.061671635194557595 , 0.9850046919741693
-0.0313686048915275 , 0.9850046919741693
-0.0010655745884969657 , 0.9850046919741693
0.02923745571453325 , 0.9850046919741693
0.059540486017563655 , 0.9850046919741693
0.08984351632059386 , 0.5108921494102007
0.12014654662362415 , 0.5108921494102007
0.1504495769266545 , 0.5108921494102007
0.18075260722968486 , 0.5108921494102007
0.211055637532715 , 0.5108921494102007
0.24135866783574553 , 0.5108921494102007
0.27166169813877583 , 0.5108921494102007
0.301964728441806 , 0.5108921494102007
0.3322677587448364 , 0.5108921494102007
0.3625707890478666 , 0.5108921494102007
0.3928738193508968 , 0.30385430702860416
0.4231768496539273 , 0.30385430702860416
0.4534798799569576 , 0.30385430702860416
0.4837829102599879 , 0.30385430702860416
0.5140859405630183 , 0.30385430702860416
0.5443889708660485 , 0.30385430702860416
0.5746920011690788 , 0.19763047433901634
0.604995031472109 , 0.19763047433901634
0.6352980617751394 , 0.19763047433901634
0.6656010920781695 , 0.19763047433901634
0.6959041223812001 , 0.13690886380537035
0.7262071526842303 , 0.13690886380537035
0.7565101829872607 , 0.13690886380537035
0.786813213290291 , 0.09939307137270019
0.8171162435933212 , 0.09939307137270019
0.8474192738963514 , 0.07481511707305609
0.8777223041993816 , 0.057958026412543696
0.9080253345024122 , 0.057958026412543696
0.9383283648054426 , 0.04596260381624655
0.9686313951084731 , 0.03054623061585087
0.9989344254115028 , 0.01830935200807873
Initial Al26 2e-05
-0.7334614809931261 , 2.404681200021437
-0.7031584506900959 , 2.404681200021437
-0.6728554203870656 , 0.9850046919741693
-0.6425523900840352 , 0.9850046919741693
-0.6122493597810049 , 0.9850046919741693
-0.5819463294779748 , 0.9850046919741693
-0.5516432991749443 , 0.9850046919741693
-0.521340268871914 , 0.9850046919741693
-0.4910372385688837 , 0.9850046919741693
-0.46073420826585354 , 0.9850046919741693
-0.43043117796282304 , 0.9850046919741693
-0.4001281476597927 , 0.9850046919741693
-0.36982511735676243 , 0.9850046919741693
-0.3395220870537323 , 0.9850046919741693
-0.3092190567507019 , 0.9850046919741693
-0.27891602644767166 , 0.9850046919741693
-0.24861299614464125 , 0.9850046919741693
-0.218309965841611 , 0.5108921494102007
-0.18800693553858078 , 0.5108921494102007
-0.1577039052355503 , 0.5108921494102007
-0.12740087493252011 , 0.5108921494102007
-0.0970978446294899 , 0.5108921494102007
-0.06679481432645934 , 0.5108921494102007
-0.036491784023429084 , 0.5108921494102007
-0.006188753720398877 , 0.5108921494102007
0.024114276582631496 , 0.5108921494102007
0.05441730688566176 , 0.5108921494102007
0.084720337188692 , 0.30385430702860416
0.1150233674917224 , 0.30385430702860416
0.14532639779475265 , 0.30385430702860416
0.17562942809778292 , 0.30385430702860416
0.2059324584008134 , 0.30385430702860416
0.2362354887038436 , 0.30385430702860416
0.266538519006874 , 0.19763047433901634
0.29684154930990403 , 0.19763047433901634
0.32714457961293447 , 0.19763047433901634
0.35744760991596464 , 0.19763047433901634
0.3877506402189953 , 0.13690886380537035
0.41805367052202536 , 0.13690886380537035
0.44835670082505574 , 0.13690886380537035
0.4786597311280861 , 0.09939307137270019
0.5089627614311163 , 0.09939307137270019
0.5392657917341465 , 0.07481511707305609
0.5695688220371767 , 0.057958026412543696
0.5998718523402073 , 0.057958026412543696
0.6301748826432375 , 0.04596260381624655
0.660477912946268 , 0.03054623061585087
0.6907809432492981 , 0.01830935200807873
